1 26.3685
2 4.86839
3 0.236227
4 0.0436447
5 0.000965458
6 0.000315634
7 0.000204114
8 0.000168911
9 0.000145828
10 0.000144391
11 0.000143283
12 0.00014036
13 0.000138023
14 0.000137743
15 0.000133113
16 0.000134007
17 0.000132297
18 0.000133919
19 0.000132744
20 0.000132484
21 0.000131637
22 0.000132687
23 0.00013186
24 0.000131104
25 0.000131035
26 0.000130409
27 0.000130686
28 0.000131081
29 0.000132115
30 0.000131087
31 0.000132402
32 0.000132939
33 0.000133874
34 0.000135022
35 0.000133265
36 0.000136279
37 0.000136765
38 0.000135526
39 0.000137592
40 0.000134363
41 0.000134505
42 0.000135763
43 0.00013506
44 0.00013419
45 0.000137396
46 0.000136359
47 0.00013399
48 0.000134233
49 0.000136486
50 0.000137082
51 0.000139753
52 0.00013702
53 0.000136137
54 0.000137659
55 0.000136839
56 0.000135339
57 0.000137839
58 0.000134382
59 0.000132918
60 0.000133182
61 0.000132695
62 0.000135526
63 0.000134717
64 0.000134182
65 0.000135127
66 0.000133757
67 0.000135443
68 0.00013454
69 0.00013418
70 0.000132357
71 0.000133771
72 0.000134528
73 0.000134068
74 0.000131164
75 0.000132259
76 0.000135024
77 0.000131657
78 0.000134639
79 0.000132932
80 0.000131423
81 0.000130812
82 0.000132265
83 0.000131441
84 0.000130509
85 0.000131434
86 0.00013257
87 0.000132629
88 0.000132441
89 0.000133813
90 0.000132944
91 0.000132171
92 0.000133147
93 0.000131224
94 0.000132082
95 0.000130524
96 0.000132697
97 0.000131882
98 0.000132609
99 0.000130945
100 0.000133431
